{
  "cells": [
    {
      "cell_type": "markdown",
      "metadata": {
        "id": "view-in-github",
        "colab_type": "text"
      },
      "source": [
        "<a href=\"https://colab.research.google.com/github/Jdean4747/Data5600HW/blob/main/HW2_Python_basics.ipynb\" target=\"_parent\"><img src=\"https://colab.research.google.com/assets/colab-badge.svg\" alt=\"Open In Colab\"/></a>"
      ]
    },
    {
      "cell_type": "markdown",
      "metadata": {
        "id": "-MSWDPBlZ9_n"
      },
      "source": [
        "\n",
        "![logo](https://upload.wikimedia.org/wikipedia/commons/4/44/Huntsman-Wordmark-with-USU-Blue.gif#center)\n",
        "\n",
        "\n",
        "---"
      ]
    },
    {
      "cell_type": "markdown",
      "metadata": {
        "id": "4sX6R5S7Z9_q"
      },
      "source": [
        "# HW2- Python basics (20 pionts)\n",
        "\n",
        "### Instructor: Pedram Jahangiry\n",
        "\n",
        "Let's take a look at NumPy and Pandas now. We'll start with a few simple tasks, then we'll move on to more complicated questions.\n",
        "\n",
        "**Important** Avoid running the cells directly above the example output shown, otherwise you will end up overwriting it\n",
        "\n",
        "---"
      ]
    },
    {
      "cell_type": "markdown",
      "metadata": {
        "id": "U0WuS0VdZ9_s"
      },
      "source": [
        "##### 1. Import Numpy package as np (0.5 point)"
      ]
    },
    {
      "cell_type": "code",
      "execution_count": null,
      "metadata": {
        "id": "w75CRxUNZ9_s"
      },
      "outputs": [],
      "source": [
        "import numpy as np"
      ]
    },
    {
      "cell_type": "markdown",
      "metadata": {
        "id": "oJI5_-52Z9_u"
      },
      "source": [
        "#####  2. Create the following numpy array using two functions:  arange() and linspace(). You must generate the same answers. (2 points)"
      ]
    },
    {
      "cell_type": "code",
      "execution_count": null,
      "metadata": {
        "colab": {
          "base_uri": "https://localhost:8080/"
        },
        "id": "k2CkIZKTZ9_u",
        "outputId": "3965babc-f889-475d-ac29-dff1dedaebad"
      },
      "outputs": [
        {
          "output_type": "execute_result",
          "data": {
            "text/plain": [
              "array([ 2,  6, 10, 14, 18])"
            ]
          },
          "metadata": {},
          "execution_count": 6
        }
      ],
      "source": [
        "arrayone = np.arange(2,20,4)\n",
        "arrayone\n",
        "# Code here (using arange function)"
      ]
    },
    {
      "cell_type": "code",
      "execution_count": null,
      "metadata": {
        "id": "_m0D6CHTZ9_v",
        "outputId": "3f0c74f4-0600-46b4-9791-f7a4d8f7b06b"
      },
      "outputs": [
        {
          "data": {
            "text/plain": [
              "array([ 2,  6, 10, 14, 18])"
            ]
          },
          "execution_count": 6,
          "metadata": {},
          "output_type": "execute_result"
        }
      ],
      "source": [
        "# Do NOT write here!\n"
      ]
    },
    {
      "cell_type": "code",
      "execution_count": null,
      "metadata": {
        "colab": {
          "base_uri": "https://localhost:8080/"
        },
        "id": "LVYtItQKZ9_w",
        "outputId": "354e8f41-900d-4c7f-c843-e0a33d01e204"
      },
      "outputs": [
        {
          "output_type": "execute_result",
          "data": {
            "text/plain": [
              "array([ 2.,  6., 10., 14., 18.])"
            ]
          },
          "metadata": {},
          "execution_count": 10
        }
      ],
      "source": [
        "arraytwo = np.linspace(2,18,5)\n",
        "arraytwo\n",
        "# Code here (using linspace function)"
      ]
    },
    {
      "cell_type": "code",
      "execution_count": null,
      "metadata": {
        "id": "Lju6vuCgZ9_w",
        "outputId": "0a98ca10-f816-47dc-925f-3e1f07a04aa8"
      },
      "outputs": [
        {
          "data": {
            "text/plain": [
              "array([ 2.,  6., 10., 14., 18.])"
            ]
          },
          "execution_count": 7,
          "metadata": {},
          "output_type": "execute_result"
        }
      ],
      "source": [
        "# Do NOT write here!\n"
      ]
    },
    {
      "cell_type": "markdown",
      "metadata": {
        "id": "H_-rMmxFZ9_x"
      },
      "source": [
        "##### 3. Create the following matrix of ones and save it as my_matrix. (1 point)"
      ]
    },
    {
      "cell_type": "code",
      "execution_count": null,
      "metadata": {
        "colab": {
          "base_uri": "https://localhost:8080/"
        },
        "id": "ZD8fkvwXZ9_y",
        "outputId": "6e761e30-4c25-4349-fc80-894018c7804a"
      },
      "outputs": [
        {
          "output_type": "execute_result",
          "data": {
            "text/plain": [
              "array([[1., 1., 1., 1.],\n",
              "       [1., 1., 1., 1.],\n",
              "       [1., 1., 1., 1.],\n",
              "       [1., 1., 1., 1.]])"
            ]
          },
          "metadata": {},
          "execution_count": 18
        }
      ],
      "source": [
        "# Code here\n",
        "my_matrix = np.array([[1., 1., 1., 1.],\n",
        "       [1., 1., 1., 1.],\n",
        "       [1., 1., 1., 1.],\n",
        "       [1., 1., 1., 1.]])\n",
        "my_matrix"
      ]
    },
    {
      "cell_type": "code",
      "execution_count": null,
      "metadata": {
        "id": "6AlzltDNZ9_z",
        "outputId": "2777a1eb-7668-4b34-8dc6-c68e7e70b90c"
      },
      "outputs": [
        {
          "data": {
            "text/plain": [
              "array([[1., 1., 1., 1.],\n",
              "       [1., 1., 1., 1.],\n",
              "       [1., 1., 1., 1.],\n",
              "       [1., 1., 1., 1.]])"
            ]
          },
          "execution_count": 17,
          "metadata": {},
          "output_type": "execute_result"
        }
      ],
      "source": [
        "# Do NOT write here"
      ]
    },
    {
      "cell_type": "markdown",
      "metadata": {
        "id": "BIlMikHMZ9_0"
      },
      "source": [
        "#### 4. Reshape \"my_matrix\" into a new matrix as shown below. (1 point)"
      ]
    },
    {
      "cell_type": "code",
      "execution_count": null,
      "metadata": {
        "id": "qBvjUUm3Z9_0"
      },
      "outputs": [],
      "source": [
        "# Code here\n",
        "my_matrix = np.array(([[1., 1., 1., 1., 1., 1., 1., 1.],\n",
        "       [1., 1., 1., 1., 1., 1., 1., 1.]])\n",
        ")"
      ]
    },
    {
      "cell_type": "code",
      "execution_count": null,
      "metadata": {
        "colab": {
          "base_uri": "https://localhost:8080/"
        },
        "id": "VBSnPEI6Z9_1",
        "outputId": "dd765536-2426-4fea-ad27-745e017b2478"
      },
      "outputs": [
        {
          "output_type": "execute_result",
          "data": {
            "text/plain": [
              "array([[1., 1., 1., 1., 1., 1., 1., 1.],\n",
              "       [1., 1., 1., 1., 1., 1., 1., 1.]])"
            ]
          },
          "metadata": {},
          "execution_count": 21
        }
      ],
      "source": [
        "# Do NOT write here\n",
        "my_matrix"
      ]
    },
    {
      "cell_type": "markdown",
      "metadata": {
        "id": "uc034lI9Z9_1"
      },
      "source": [
        "#### 5. First, replace the first row of \"my_matrix\" with zeros. then replace the last column with 2s. Save the new matrix as \"my_matrix2\". (2 points)"
      ]
    },
    {
      "cell_type": "code",
      "execution_count": null,
      "metadata": {
        "id": "cKJgxFqoZ9_2"
      },
      "outputs": [],
      "source": [
        "# Code here\n",
        "my_matrix2 = np.array([[0., 0., 0., 2.],\n",
        "       [1., 1., 1., 2.],\n",
        "       [1., 1., 1., 2.],\n",
        "       [1., 1., 1., 2.]])"
      ]
    },
    {
      "cell_type": "code",
      "execution_count": null,
      "metadata": {
        "colab": {
          "base_uri": "https://localhost:8080/"
        },
        "id": "nbohHEMHZ9_2",
        "outputId": "417da0cd-2681-4639-b1b1-3eed3bfbc968"
      },
      "outputs": [
        {
          "output_type": "execute_result",
          "data": {
            "text/plain": [
              "array([[0., 0., 0., 2.],\n",
              "       [1., 1., 1., 2.],\n",
              "       [1., 1., 1., 2.],\n",
              "       [1., 1., 1., 2.]])"
            ]
          },
          "metadata": {},
          "execution_count": 23
        }
      ],
      "source": [
        "# Do not write here\n",
        "my_matrix2"
      ]
    },
    {
      "cell_type": "markdown",
      "metadata": {
        "id": "4phFWw4qZ9_3"
      },
      "source": [
        "#### 6. Create the following matrix and save it as \"A\". (2 points)"
      ]
    },
    {
      "cell_type": "code",
      "execution_count": null,
      "metadata": {
        "id": "bm9KXg67Z9_4"
      },
      "outputs": [],
      "source": [
        "# Code here\n",
        "A = np.array([[0.01, 0.02, 0.03, 0.04, 0.05, 0.06, 0.07, 0.08, 0.09, 0.1 ],\n",
        "       [0.11, 0.12, 0.13, 0.14, 0.15, 0.16, 0.17, 0.18, 0.19, 0.2 ],\n",
        "       [0.21, 0.22, 0.23, 0.24, 0.25, 0.26, 0.27, 0.28, 0.29, 0.3 ],\n",
        "       [0.31, 0.32, 0.33, 0.34, 0.35, 0.36, 0.37, 0.38, 0.39, 0.4 ],\n",
        "       [0.41, 0.42, 0.43, 0.44, 0.45, 0.46, 0.47, 0.48, 0.49, 0.5 ],\n",
        "       [0.51, 0.52, 0.53, 0.54, 0.55, 0.56, 0.57, 0.58, 0.59, 0.6 ],\n",
        "       [0.61, 0.62, 0.63, 0.64, 0.65, 0.66, 0.67, 0.68, 0.69, 0.7 ],\n",
        "       [0.71, 0.72, 0.73, 0.74, 0.75, 0.76, 0.77, 0.78, 0.79, 0.8 ],\n",
        "       [0.81, 0.82, 0.83, 0.84, 0.85, 0.86, 0.87, 0.88, 0.89, 0.9 ],\n",
        "       [0.91, 0.92, 0.93, 0.94, 0.95, 0.96, 0.97, 0.98, 0.99, 1.  ]])"
      ]
    },
    {
      "cell_type": "code",
      "execution_count": null,
      "metadata": {
        "colab": {
          "base_uri": "https://localhost:8080/"
        },
        "id": "81ljlOW3Z9_4",
        "outputId": "cc84df9c-c25c-49a4-b17a-15192b19cc45"
      },
      "outputs": [
        {
          "output_type": "execute_result",
          "data": {
            "text/plain": [
              "array([[0.01, 0.02, 0.03, 0.04, 0.05, 0.06, 0.07, 0.08, 0.09, 0.1 ],\n",
              "       [0.11, 0.12, 0.13, 0.14, 0.15, 0.16, 0.17, 0.18, 0.19, 0.2 ],\n",
              "       [0.21, 0.22, 0.23, 0.24, 0.25, 0.26, 0.27, 0.28, 0.29, 0.3 ],\n",
              "       [0.31, 0.32, 0.33, 0.34, 0.35, 0.36, 0.37, 0.38, 0.39, 0.4 ],\n",
              "       [0.41, 0.42, 0.43, 0.44, 0.45, 0.46, 0.47, 0.48, 0.49, 0.5 ],\n",
              "       [0.51, 0.52, 0.53, 0.54, 0.55, 0.56, 0.57, 0.58, 0.59, 0.6 ],\n",
              "       [0.61, 0.62, 0.63, 0.64, 0.65, 0.66, 0.67, 0.68, 0.69, 0.7 ],\n",
              "       [0.71, 0.72, 0.73, 0.74, 0.75, 0.76, 0.77, 0.78, 0.79, 0.8 ],\n",
              "       [0.81, 0.82, 0.83, 0.84, 0.85, 0.86, 0.87, 0.88, 0.89, 0.9 ],\n",
              "       [0.91, 0.92, 0.93, 0.94, 0.95, 0.96, 0.97, 0.98, 0.99, 1.  ]])"
            ]
          },
          "metadata": {},
          "execution_count": 26
        }
      ],
      "source": [
        "# Do NOT write here.\n",
        "A"
      ]
    },
    {
      "cell_type": "markdown",
      "metadata": {
        "id": "midOgF8uZ9_4"
      },
      "source": [
        "##### 7. Create a 10 * 10 matrix using random values drawn from a standard normal distribution. Call this matrix \"B\". Set seed number = 100 (2 points)"
      ]
    },
    {
      "cell_type": "code",
      "execution_count": null,
      "metadata": {
        "colab": {
          "base_uri": "https://localhost:8080/"
        },
        "id": "CrR4Na9rZ9_5",
        "outputId": "3dce787a-bbfa-4162-a1b1-fa90940211bf"
      },
      "outputs": [
        {
          "output_type": "execute_result",
          "data": {
            "text/plain": [
              "array([[-1.74976547,  0.3426804 ,  1.1530358 , -0.25243604,  0.98132079,\n",
              "         0.51421884,  0.22117967, -1.07004333, -0.18949583,  0.25500144],\n",
              "       [-0.45802699,  0.43516349, -0.58359505,  0.81684707,  0.67272081,\n",
              "        -0.10441114, -0.53128038,  1.02973269, -0.43813562, -1.11831825],\n",
              "       [ 1.61898166,  1.54160517, -0.25187914, -0.84243574,  0.18451869,\n",
              "         0.9370822 ,  0.73100034,  1.36155613, -0.32623806,  0.05567601],\n",
              "       [ 0.22239961, -1.443217  , -0.75635231,  0.81645401,  0.75044476,\n",
              "        -0.45594693,  1.18962227, -1.69061683, -1.35639905, -1.23243451],\n",
              "       [-0.54443916, -0.66817174,  0.00731456, -0.61293874,  1.29974807,\n",
              "        -1.73309562, -0.9833101 ,  0.35750775, -1.6135785 ,  1.47071387],\n",
              "       [-1.1880176 , -0.54974619, -0.94004616, -0.82793236,  0.10886347,\n",
              "         0.50780959, -0.86222735,  1.24946974, -0.07961125, -0.88973148],\n",
              "       [-0.88179839,  0.01863895,  0.23784462,  0.01354855, -1.6355294 ,\n",
              "        -1.04420988,  0.61303888,  0.73620521,  1.02692144, -1.43219061],\n",
              "       [-1.8411883 ,  0.36609323, -0.33177714, -0.68921798,  2.03460756,\n",
              "        -0.55071441,  0.75045333, -1.30699234,  0.58057334, -1.10452309],\n",
              "       [ 0.69012147,  0.68689007, -1.56668753,  0.90497412,  0.7788224 ,\n",
              "         0.42823287,  0.10887199,  0.02828363, -0.57882582, -1.1994512 ],\n",
              "       [-1.70595201,  0.36916396,  1.87657343, -0.37690335,  1.83193608,\n",
              "         0.00301743, -0.07602347,  0.00395759, -0.18501411, -2.48715154]])"
            ]
          },
          "metadata": {},
          "execution_count": 28
        }
      ],
      "source": [
        "# Code here\n",
        "np.random.seed(100)\n",
        "B = np.random.randn(10,10)\n",
        "B"
      ]
    },
    {
      "cell_type": "code",
      "execution_count": null,
      "metadata": {
        "colab": {
          "base_uri": "https://localhost:8080/"
        },
        "id": "v-cAMB7fZ9_5",
        "outputId": "085ae2bf-82e4-4826-eefa-96455d37e120"
      },
      "outputs": [
        {
          "output_type": "execute_result",
          "data": {
            "text/plain": [
              "array([[-1.74976547,  0.3426804 ,  1.1530358 , -0.25243604,  0.98132079,\n",
              "         0.51421884,  0.22117967, -1.07004333, -0.18949583,  0.25500144],\n",
              "       [-0.45802699,  0.43516349, -0.58359505,  0.81684707,  0.67272081,\n",
              "        -0.10441114, -0.53128038,  1.02973269, -0.43813562, -1.11831825],\n",
              "       [ 1.61898166,  1.54160517, -0.25187914, -0.84243574,  0.18451869,\n",
              "         0.9370822 ,  0.73100034,  1.36155613, -0.32623806,  0.05567601],\n",
              "       [ 0.22239961, -1.443217  , -0.75635231,  0.81645401,  0.75044476,\n",
              "        -0.45594693,  1.18962227, -1.69061683, -1.35639905, -1.23243451],\n",
              "       [-0.54443916, -0.66817174,  0.00731456, -0.61293874,  1.29974807,\n",
              "        -1.73309562, -0.9833101 ,  0.35750775, -1.6135785 ,  1.47071387],\n",
              "       [-1.1880176 , -0.54974619, -0.94004616, -0.82793236,  0.10886347,\n",
              "         0.50780959, -0.86222735,  1.24946974, -0.07961125, -0.88973148],\n",
              "       [-0.88179839,  0.01863895,  0.23784462,  0.01354855, -1.6355294 ,\n",
              "        -1.04420988,  0.61303888,  0.73620521,  1.02692144, -1.43219061],\n",
              "       [-1.8411883 ,  0.36609323, -0.33177714, -0.68921798,  2.03460756,\n",
              "        -0.55071441,  0.75045333, -1.30699234,  0.58057334, -1.10452309],\n",
              "       [ 0.69012147,  0.68689007, -1.56668753,  0.90497412,  0.7788224 ,\n",
              "         0.42823287,  0.10887199,  0.02828363, -0.57882582, -1.1994512 ],\n",
              "       [-1.70595201,  0.36916396,  1.87657343, -0.37690335,  1.83193608,\n",
              "         0.00301743, -0.07602347,  0.00395759, -0.18501411, -2.48715154]])"
            ]
          },
          "metadata": {},
          "execution_count": 29
        }
      ],
      "source": [
        "# Do NOT write here\n",
        "B"
      ]
    },
    {
      "cell_type": "markdown",
      "metadata": {
        "id": "uGxvdL_JZ9_6"
      },
      "source": [
        "##### 8. Multiply matrix A and B. (use the Matrix multiplication, NOT the element-wised multiplication) (1 point)"
      ]
    },
    {
      "cell_type": "code",
      "execution_count": null,
      "metadata": {
        "colab": {
          "base_uri": "https://localhost:8080/"
        },
        "id": "3ftoaps_Z9_6",
        "outputId": "b52a9ea4-aed0-4bec-a576-d72fa3557b35"
      },
      "outputs": [
        {
          "output_type": "execute_result",
          "data": {
            "text/plain": [
              "array([[-0.38520099,  0.06358488, -0.05722663, -0.06955691,  0.43190936,\n",
              "        -0.12156679,  0.06534707,  0.02587607, -0.11242174, -0.5925726 ],\n",
              "       [-0.96896951,  0.17349491, -0.17278352, -0.17456096,  1.13265468,\n",
              "        -0.2713685 ,  0.18147958,  0.09578209, -0.42840209, -1.36081353],\n",
              "       [-1.55273803,  0.28340494, -0.28834041, -0.279565  ,  1.8334    ,\n",
              "        -0.4211702 ,  0.2976121 ,  0.16568812, -0.74438244, -2.12905447],\n",
              "       [-2.13650655,  0.39331498, -0.40389731, -0.38456905,  2.53414533,\n",
              "        -0.57097191,  0.41374462,  0.23559414, -1.06036278, -2.8972954 ],\n",
              "       [-2.72027506,  0.50322501, -0.5194542 , -0.48957309,  3.23489065,\n",
              "        -0.72077361,  0.52987714,  0.30550017, -1.37634313, -3.66553634],\n",
              "       [-3.30404358,  0.61313505, -0.63501109, -0.59457714,  3.93563597,\n",
              "        -0.87057532,  0.64600966,  0.37540619, -1.69232348, -4.43377727],\n",
              "       [-3.8878121 ,  0.72304508, -0.75056798, -0.69958118,  4.6363813 ,\n",
              "        -1.02037702,  0.76214218,  0.44531222, -2.00830382, -5.20201821],\n",
              "       [-4.47158062,  0.83295511, -0.86612487, -0.80458523,  5.33712662,\n",
              "        -1.17017873,  0.8782747 ,  0.51521824, -2.32428417, -5.97025915],\n",
              "       [-5.05534913,  0.94286515, -0.98168176, -0.90958927,  6.03787194,\n",
              "        -1.31998043,  0.99440722,  0.58512427, -2.64026452, -6.73850008],\n",
              "       [-5.63911765,  1.05277518, -1.09723865, -1.01459332,  6.73861727,\n",
              "        -1.46978214,  1.11053974,  0.65503029, -2.95624487, -7.50674102]])"
            ]
          },
          "metadata": {},
          "execution_count": 31
        }
      ],
      "source": [
        "# Code here\n",
        "mult = np.dot(A,B)\n",
        "mult"
      ]
    },
    {
      "cell_type": "code",
      "execution_count": null,
      "metadata": {
        "id": "OLXdxATAZ9_6",
        "outputId": "e31ca729-ab92-46d1-d418-14275ec85a9e"
      },
      "outputs": [
        {
          "data": {
            "text/plain": [
              "array([[-0.38520099,  0.06358488, -0.05722663, -0.06955691,  0.43190936,\n",
              "        -0.12156679,  0.06534707,  0.02587607, -0.11242174, -0.5925726 ],\n",
              "       [-0.96896951,  0.17349491, -0.17278352, -0.17456096,  1.13265468,\n",
              "        -0.2713685 ,  0.18147958,  0.09578209, -0.42840209, -1.36081353],\n",
              "       [-1.55273803,  0.28340494, -0.28834041, -0.279565  ,  1.8334    ,\n",
              "        -0.4211702 ,  0.2976121 ,  0.16568812, -0.74438244, -2.12905447],\n",
              "       [-2.13650655,  0.39331498, -0.40389731, -0.38456905,  2.53414533,\n",
              "        -0.57097191,  0.41374462,  0.23559414, -1.06036278, -2.8972954 ],\n",
              "       [-2.72027506,  0.50322501, -0.5194542 , -0.48957309,  3.23489065,\n",
              "        -0.72077361,  0.52987714,  0.30550017, -1.37634313, -3.66553634],\n",
              "       [-3.30404358,  0.61313505, -0.63501109, -0.59457714,  3.93563597,\n",
              "        -0.87057532,  0.64600966,  0.37540619, -1.69232348, -4.43377727],\n",
              "       [-3.8878121 ,  0.72304508, -0.75056798, -0.69958118,  4.6363813 ,\n",
              "        -1.02037702,  0.76214218,  0.44531222, -2.00830382, -5.20201821],\n",
              "       [-4.47158062,  0.83295511, -0.86612487, -0.80458523,  5.33712662,\n",
              "        -1.17017873,  0.8782747 ,  0.51521824, -2.32428417, -5.97025915],\n",
              "       [-5.05534913,  0.94286515, -0.98168176, -0.90958927,  6.03787194,\n",
              "        -1.31998043,  0.99440722,  0.58512427, -2.64026452, -6.73850008],\n",
              "       [-5.63911765,  1.05277518, -1.09723865, -1.01459332,  6.73861727,\n",
              "        -1.46978214,  1.11053974,  0.65503029, -2.95624487, -7.50674102]])"
            ]
          },
          "execution_count": 36,
          "metadata": {},
          "output_type": "execute_result"
        }
      ],
      "source": [
        "# Do NOT write here\n"
      ]
    },
    {
      "cell_type": "markdown",
      "metadata": {
        "id": "aMhLL7roZ9_7"
      },
      "source": [
        "##### 9. Import Pandas package as pd (0.5 point)"
      ]
    },
    {
      "cell_type": "code",
      "execution_count": null,
      "metadata": {
        "id": "dn4y1EGwZ9_7"
      },
      "outputs": [],
      "source": [
        "# Code here\n",
        "import pandas as pd"
      ]
    },
    {
      "cell_type": "code",
      "execution_count": null,
      "metadata": {
        "id": "8_hLdhabZ9_8"
      },
      "outputs": [],
      "source": [
        "# Do Not write here\n"
      ]
    },
    {
      "cell_type": "markdown",
      "metadata": {
        "id": "KBzT_YmbZ9_8"
      },
      "source": [
        "##### 10. Create a data frame with three columns A, B, C. Name your data frame as df. Again use the seed number = 100\n",
        "* Column A: 20 random numbers from the uniform distribution (2 point)\n",
        "* Column B: the first 20 Capitals of english letters (3 points)\n",
        "* Column C: range of numbers between 20 and 39 (1 point)\n"
      ]
    },
    {
      "cell_type": "code",
      "execution_count": null,
      "metadata": {
        "colab": {
          "base_uri": "https://localhost:8080/",
          "height": 677
        },
        "id": "gQb50VGZZ9_8",
        "outputId": "a2568cb5-0a17-45af-a54c-434cf8387f1e"
      },
      "outputs": [
        {
          "output_type": "execute_result",
          "data": {
            "text/plain": [
              "           A  B   C\n",
              "0   0.543405  A  20\n",
              "1   0.278369  B  21\n",
              "2   0.424518  C  22\n",
              "3   0.844776  D  23\n",
              "4   0.004719  E  24\n",
              "5   0.121569  F  25\n",
              "6   0.670749  G  26\n",
              "7   0.825853  H  27\n",
              "8   0.136707  I  28\n",
              "9   0.575093  J  29\n",
              "10  0.891322  K  30\n",
              "11  0.209202  L  31\n",
              "12  0.185328  M  32\n",
              "13  0.108377  N  33\n",
              "14  0.219697  O  34\n",
              "15  0.978624  P  35\n",
              "16  0.811683  Q  36\n",
              "17  0.171941  R  37\n",
              "18  0.816225  S  38\n",
              "19  0.274074  T  39"
            ],
            "text/html": [
              "\n",
              "  <div id=\"df-2c0d9900-7743-42ad-a9cb-2571f7965ed9\" class=\"colab-df-container\">\n",
              "    <div>\n",
              "<style scoped>\n",
              "    .dataframe tbody tr th:only-of-type {\n",
              "        vertical-align: middle;\n",
              "    }\n",
              "\n",
              "    .dataframe tbody tr th {\n",
              "        vertical-align: top;\n",
              "    }\n",
              "\n",
              "    .dataframe thead th {\n",
              "        text-align: right;\n",
              "    }\n",
              "</style>\n",
              "<table border=\"1\" class=\"dataframe\">\n",
              "  <thead>\n",
              "    <tr style=\"text-align: right;\">\n",
              "      <th></th>\n",
              "      <th>A</th>\n",
              "      <th>B</th>\n",
              "      <th>C</th>\n",
              "    </tr>\n",
              "  </thead>\n",
              "  <tbody>\n",
              "    <tr>\n",
              "      <th>0</th>\n",
              "      <td>0.543405</td>\n",
              "      <td>A</td>\n",
              "      <td>20</td>\n",
              "    </tr>\n",
              "    <tr>\n",
              "      <th>1</th>\n",
              "      <td>0.278369</td>\n",
              "      <td>B</td>\n",
              "      <td>21</td>\n",
              "    </tr>\n",
              "    <tr>\n",
              "      <th>2</th>\n",
              "      <td>0.424518</td>\n",
              "      <td>C</td>\n",
              "      <td>22</td>\n",
              "    </tr>\n",
              "    <tr>\n",
              "      <th>3</th>\n",
              "      <td>0.844776</td>\n",
              "      <td>D</td>\n",
              "      <td>23</td>\n",
              "    </tr>\n",
              "    <tr>\n",
              "      <th>4</th>\n",
              "      <td>0.004719</td>\n",
              "      <td>E</td>\n",
              "      <td>24</td>\n",
              "    </tr>\n",
              "    <tr>\n",
              "      <th>5</th>\n",
              "      <td>0.121569</td>\n",
              "      <td>F</td>\n",
              "      <td>25</td>\n",
              "    </tr>\n",
              "    <tr>\n",
              "      <th>6</th>\n",
              "      <td>0.670749</td>\n",
              "      <td>G</td>\n",
              "      <td>26</td>\n",
              "    </tr>\n",
              "    <tr>\n",
              "      <th>7</th>\n",
              "      <td>0.825853</td>\n",
              "      <td>H</td>\n",
              "      <td>27</td>\n",
              "    </tr>\n",
              "    <tr>\n",
              "      <th>8</th>\n",
              "      <td>0.136707</td>\n",
              "      <td>I</td>\n",
              "      <td>28</td>\n",
              "    </tr>\n",
              "    <tr>\n",
              "      <th>9</th>\n",
              "      <td>0.575093</td>\n",
              "      <td>J</td>\n",
              "      <td>29</td>\n",
              "    </tr>\n",
              "    <tr>\n",
              "      <th>10</th>\n",
              "      <td>0.891322</td>\n",
              "      <td>K</td>\n",
              "      <td>30</td>\n",
              "    </tr>\n",
              "    <tr>\n",
              "      <th>11</th>\n",
              "      <td>0.209202</td>\n",
              "      <td>L</td>\n",
              "      <td>31</td>\n",
              "    </tr>\n",
              "    <tr>\n",
              "      <th>12</th>\n",
              "      <td>0.185328</td>\n",
              "      <td>M</td>\n",
              "      <td>32</td>\n",
              "    </tr>\n",
              "    <tr>\n",
              "      <th>13</th>\n",
              "      <td>0.108377</td>\n",
              "      <td>N</td>\n",
              "      <td>33</td>\n",
              "    </tr>\n",
              "    <tr>\n",
              "      <th>14</th>\n",
              "      <td>0.219697</td>\n",
              "      <td>O</td>\n",
              "      <td>34</td>\n",
              "    </tr>\n",
              "    <tr>\n",
              "      <th>15</th>\n",
              "      <td>0.978624</td>\n",
              "      <td>P</td>\n",
              "      <td>35</td>\n",
              "    </tr>\n",
              "    <tr>\n",
              "      <th>16</th>\n",
              "      <td>0.811683</td>\n",
              "      <td>Q</td>\n",
              "      <td>36</td>\n",
              "    </tr>\n",
              "    <tr>\n",
              "      <th>17</th>\n",
              "      <td>0.171941</td>\n",
              "      <td>R</td>\n",
              "      <td>37</td>\n",
              "    </tr>\n",
              "    <tr>\n",
              "      <th>18</th>\n",
              "      <td>0.816225</td>\n",
              "      <td>S</td>\n",
              "      <td>38</td>\n",
              "    </tr>\n",
              "    <tr>\n",
              "      <th>19</th>\n",
              "      <td>0.274074</td>\n",
              "      <td>T</td>\n",
              "      <td>39</td>\n",
              "    </tr>\n",
              "  </tbody>\n",
              "</table>\n",
              "</div>\n",
              "    <div class=\"colab-df-buttons\">\n",
              "\n",
              "  <div class=\"colab-df-container\">\n",
              "    <button class=\"colab-df-convert\" onclick=\"convertToInteractive('df-2c0d9900-7743-42ad-a9cb-2571f7965ed9')\"\n",
              "            title=\"Convert this dataframe to an interactive table.\"\n",
              "            style=\"display:none;\">\n",
              "\n",
              "  <svg xmlns=\"http://www.w3.org/2000/svg\" height=\"24px\" viewBox=\"0 -960 960 960\">\n",
              "    <path d=\"M120-120v-720h720v720H120Zm60-500h600v-160H180v160Zm220 220h160v-160H400v160Zm0 220h160v-160H400v160ZM180-400h160v-160H180v160Zm440 0h160v-160H620v160ZM180-180h160v-160H180v160Zm440 0h160v-160H620v160Z\"/>\n",
              "  </svg>\n",
              "    </button>\n",
              "\n",
              "  <style>\n",
              "    .colab-df-container {\n",
              "      display:flex;\n",
              "      gap: 12px;\n",
              "    }\n",
              "\n",
              "    .colab-df-convert {\n",
              "      background-color: #E8F0FE;\n",
              "      border: none;\n",
              "      border-radius: 50%;\n",
              "      cursor: pointer;\n",
              "      display: none;\n",
              "      fill: #1967D2;\n",
              "      height: 32px;\n",
              "      padding: 0 0 0 0;\n",
              "      width: 32px;\n",
              "    }\n",
              "\n",
              "    .colab-df-convert:hover {\n",
              "      background-color: #E2EBFA;\n",
              "      box-shadow: 0px 1px 2px rgba(60, 64, 67, 0.3), 0px 1px 3px 1px rgba(60, 64, 67, 0.15);\n",
              "      fill: #174EA6;\n",
              "    }\n",
              "\n",
              "    .colab-df-buttons div {\n",
              "      margin-bottom: 4px;\n",
              "    }\n",
              "\n",
              "    [theme=dark] .colab-df-convert {\n",
              "      background-color: #3B4455;\n",
              "      fill: #D2E3FC;\n",
              "    }\n",
              "\n",
              "    [theme=dark] .colab-df-convert:hover {\n",
              "      background-color: #434B5C;\n",
              "      box-shadow: 0px 1px 3px 1px rgba(0, 0, 0, 0.15);\n",
              "      filter: drop-shadow(0px 1px 2px rgba(0, 0, 0, 0.3));\n",
              "      fill: #FFFFFF;\n",
              "    }\n",
              "  </style>\n",
              "\n",
              "    <script>\n",
              "      const buttonEl =\n",
              "        document.querySelector('#df-2c0d9900-7743-42ad-a9cb-2571f7965ed9 button.colab-df-convert');\n",
              "      buttonEl.style.display =\n",
              "        google.colab.kernel.accessAllowed ? 'block' : 'none';\n",
              "\n",
              "      async function convertToInteractive(key) {\n",
              "        const element = document.querySelector('#df-2c0d9900-7743-42ad-a9cb-2571f7965ed9');\n",
              "        const dataTable =\n",
              "          await google.colab.kernel.invokeFunction('convertToInteractive',\n",
              "                                                    [key], {});\n",
              "        if (!dataTable) return;\n",
              "\n",
              "        const docLinkHtml = 'Like what you see? Visit the ' +\n",
              "          '<a target=\"_blank\" href=https://colab.research.google.com/notebooks/data_table.ipynb>data table notebook</a>'\n",
              "          + ' to learn more about interactive tables.';\n",
              "        element.innerHTML = '';\n",
              "        dataTable['output_type'] = 'display_data';\n",
              "        await google.colab.output.renderOutput(dataTable, element);\n",
              "        const docLink = document.createElement('div');\n",
              "        docLink.innerHTML = docLinkHtml;\n",
              "        element.appendChild(docLink);\n",
              "      }\n",
              "    </script>\n",
              "  </div>\n",
              "\n",
              "\n",
              "<div id=\"df-64410948-15c1-4612-98b6-a6d3f6922611\">\n",
              "  <button class=\"colab-df-quickchart\" onclick=\"quickchart('df-64410948-15c1-4612-98b6-a6d3f6922611')\"\n",
              "            title=\"Suggest charts\"\n",
              "            style=\"display:none;\">\n",
              "\n",
              "<svg xmlns=\"http://www.w3.org/2000/svg\" height=\"24px\"viewBox=\"0 0 24 24\"\n",
              "     width=\"24px\">\n",
              "    <g>\n",
              "        <path d=\"M19 3H5c-1.1 0-2 .9-2 2v14c0 1.1.9 2 2 2h14c1.1 0 2-.9 2-2V5c0-1.1-.9-2-2-2zM9 17H7v-7h2v7zm4 0h-2V7h2v10zm4 0h-2v-4h2v4z\"/>\n",
              "    </g>\n",
              "</svg>\n",
              "  </button>\n",
              "\n",
              "<style>\n",
              "  .colab-df-quickchart {\n",
              "      --bg-color: #E8F0FE;\n",
              "      --fill-color: #1967D2;\n",
              "      --hover-bg-color: #E2EBFA;\n",
              "      --hover-fill-color: #174EA6;\n",
              "      --disabled-fill-color: #AAA;\n",
              "      --disabled-bg-color: #DDD;\n",
              "  }\n",
              "\n",
              "  [theme=dark] .colab-df-quickchart {\n",
              "      --bg-color: #3B4455;\n",
              "      --fill-color: #D2E3FC;\n",
              "      --hover-bg-color: #434B5C;\n",
              "      --hover-fill-color: #FFFFFF;\n",
              "      --disabled-bg-color: #3B4455;\n",
              "      --disabled-fill-color: #666;\n",
              "  }\n",
              "\n",
              "  .colab-df-quickchart {\n",
              "    background-color: var(--bg-color);\n",
              "    border: none;\n",
              "    border-radius: 50%;\n",
              "    cursor: pointer;\n",
              "    display: none;\n",
              "    fill: var(--fill-color);\n",
              "    height: 32px;\n",
              "    padding: 0;\n",
              "    width: 32px;\n",
              "  }\n",
              "\n",
              "  .colab-df-quickchart:hover {\n",
              "    background-color: var(--hover-bg-color);\n",
              "    box-shadow: 0 1px 2px rgba(60, 64, 67, 0.3), 0 1px 3px 1px rgba(60, 64, 67, 0.15);\n",
              "    fill: var(--button-hover-fill-color);\n",
              "  }\n",
              "\n",
              "  .colab-df-quickchart-complete:disabled,\n",
              "  .colab-df-quickchart-complete:disabled:hover {\n",
              "    background-color: var(--disabled-bg-color);\n",
              "    fill: var(--disabled-fill-color);\n",
              "    box-shadow: none;\n",
              "  }\n",
              "\n",
              "  .colab-df-spinner {\n",
              "    border: 2px solid var(--fill-color);\n",
              "    border-color: transparent;\n",
              "    border-bottom-color: var(--fill-color);\n",
              "    animation:\n",
              "      spin 1s steps(1) infinite;\n",
              "  }\n",
              "\n",
              "  @keyframes spin {\n",
              "    0% {\n",
              "      border-color: transparent;\n",
              "      border-bottom-color: var(--fill-color);\n",
              "      border-left-color: var(--fill-color);\n",
              "    }\n",
              "    20% {\n",
              "      border-color: transparent;\n",
              "      border-left-color: var(--fill-color);\n",
              "      border-top-color: var(--fill-color);\n",
              "    }\n",
              "    30% {\n",
              "      border-color: transparent;\n",
              "      border-left-color: var(--fill-color);\n",
              "      border-top-color: var(--fill-color);\n",
              "      border-right-color: var(--fill-color);\n",
              "    }\n",
              "    40% {\n",
              "      border-color: transparent;\n",
              "      border-right-color: var(--fill-color);\n",
              "      border-top-color: var(--fill-color);\n",
              "    }\n",
              "    60% {\n",
              "      border-color: transparent;\n",
              "      border-right-color: var(--fill-color);\n",
              "    }\n",
              "    80% {\n",
              "      border-color: transparent;\n",
              "      border-right-color: var(--fill-color);\n",
              "      border-bottom-color: var(--fill-color);\n",
              "    }\n",
              "    90% {\n",
              "      border-color: transparent;\n",
              "      border-bottom-color: var(--fill-color);\n",
              "    }\n",
              "  }\n",
              "</style>\n",
              "\n",
              "  <script>\n",
              "    async function quickchart(key) {\n",
              "      const quickchartButtonEl =\n",
              "        document.querySelector('#' + key + ' button');\n",
              "      quickchartButtonEl.disabled = true;  // To prevent multiple clicks.\n",
              "      quickchartButtonEl.classList.add('colab-df-spinner');\n",
              "      try {\n",
              "        const charts = await google.colab.kernel.invokeFunction(\n",
              "            'suggestCharts', [key], {});\n",
              "      } catch (error) {\n",
              "        console.error('Error during call to suggestCharts:', error);\n",
              "      }\n",
              "      quickchartButtonEl.classList.remove('colab-df-spinner');\n",
              "      quickchartButtonEl.classList.add('colab-df-quickchart-complete');\n",
              "    }\n",
              "    (() => {\n",
              "      let quickchartButtonEl =\n",
              "        document.querySelector('#df-64410948-15c1-4612-98b6-a6d3f6922611 button');\n",
              "      quickchartButtonEl.style.display =\n",
              "        google.colab.kernel.accessAllowed ? 'block' : 'none';\n",
              "    })();\n",
              "  </script>\n",
              "</div>\n",
              "\n",
              "  <div id=\"id_98399c15-7e95-4ff2-a63c-e41c2acd2fca\">\n",
              "    <style>\n",
              "      .colab-df-generate {\n",
              "        background-color: #E8F0FE;\n",
              "        border: none;\n",
              "        border-radius: 50%;\n",
              "        cursor: pointer;\n",
              "        display: none;\n",
              "        fill: #1967D2;\n",
              "        height: 32px;\n",
